Time,Var,alcohol,average_wages,cancer,employment_rate,happiness,life_at_birth,life_at_old,obese,pollution,smokers,social_spending,suicide,hours_worked,gdp,education
2007,alcohol,1.0,0.5279264692386091,0.6292916767297808,0.29950336870805755,0.12690894509802783,0.24161254328950504,0.3479615347181523,0.04173287021184597,-0.4315135820552214,0.5794684487204038,0.2484497111874505,0.4838864026728247,-0.4315018849668763,0.4296323656143009,0.5419706341451226
2007,average_wages,0.5279264692386091,1.0,0.6810562641836152,-0.04140443877202709,-0.3998156382373397,-0.11842669147928768,0.17934118379830286,-0.5999279083704994,-0.2967442901598573,0.5977519242601337,-0.10354783469716114,0.5471650690029509,-0.2967475777003945,0.09576600562975301,0.8611955057748001
2007,cancer,0.6292916767297808,0.6810562641836152,1.0,0.07520385863691748,-0.25857684969802425,0.010732154873910112,0.13647886274179508,0.08449234457986152,-0.3464827434700334,0.5802250075394145,-0.013559449752355552,0.3895223909963529,-0.34648407472770554,0.1430895238777894,0.6175847346700548
2007,employment_rate,0.29950336870805755,-0.04140443877202709,0.07520385863691748,1.0,0.394415598508054,0.6061668785893831,0.5363930145112977,0.0779593841152745,-0.580077064312035,-0.2853818010764737,0.38721782857218806,0.15094728301321605,-0.5798998465442669,0.5764924631504746,0.3613228403765133
2007,happiness,0.12690894509802783,-0.3998156382373397,-0.25857684969802425,0.394415598508054,1.0,0.7189607175099337,0.010372963477137054,0.5863140348302311,-0.09192590216917253,-0.38529904160927547,0.6555757070191729,-0.5456694067799772,-0.09192138791051398,0.6927501810027128,-0.11144384933672476
2007,life_at_birth,0.24161254328950504,-0.11842669147928768,0.010732154873910112,0.6061668785893831,0.7189607175099337,1.0,0.5862524628199541,-0.5222100667786258,-0.3526204904276989,0.22174091524956624,0.5659586657842828,-0.025552113541824153,-0.3526214375277452,0.6330859789216392,0.20213528499329725
2007,life_at_old,0.3479615347181523,0.17934118379830286,0.13647886274179508,0.5363930145112977,0.010372963477137054,0.5862524628199541,1.0,-0.33104744816746895,-0.6845311375583103,0.5958092288494573,0.5422565047605789,-0.04398963661450202,-0.6845268459745213,0.6527139964840183,0.35690096139802463
2007,obese,0.04173287021184597,-0.5999279083704994,0.08449234457986152,0.0779593841152745,0.5863140348302311,-0.5222100667786258,-0.33104744816746895,1.0,0.2083791618905008,-0.48688686695822825,0.016903334048028445,-0.6395958448597721,0.20838919271878856,-0.011469518641188491,-0.39545867691182346
2007,pollution,-0.4315135820552214,-0.2967442901598573,-0.3464827434700334,-0.580077064312035,-0.09192590216917253,-0.3526204904276989,-0.6845311375583103,0.2083791618905008,1.0,-0.5235722739756202,-0.6954310949237882,-0.12367009950934789,0.9999999990359865,-0.6174729271610641,-0.41925684437452315
2007,smokers,0.5794684487204038,0.5977519242601337,0.5802250075394145,-0.2853818010764737,-0.38529904160927547,0.22174091524956624,0.5958092288494573,-0.48688686695822825,-0.5235722739756202,1.0,-0.07041346554023635,0.3513704517357239,-0.5235789731933784,0.31030033397544354,0.36912491793617663
2007,social_spending,0.2484497111874505,-0.10354783469716114,-0.013559449752355552,0.38721782857218806,0.6555757070191729,0.5659586657842828,0.5422565047605789,0.016903334048028445,-0.6954310949237882,-0.07041346554023635,1.0,-0.15313803015829106,-0.6954771343591863,0.8726632306088503,0.08327685342561925
2007,suicide,0.4838864026728247,0.5471650690029509,0.3895223909963529,0.15094728301321605,-0.5456694067799772,-0.025552113541824153,-0.04398963661450202,-0.6395958448597721,-0.12367009950934789,0.3513704517357239,-0.15313803015829106,1.0,-0.12366643325570245,0.03789358480225834,0.5396048172817056
2007,time,,,,,,,,,,,,,,,
2007,hours_worked,-0.4315018849668763,-0.2967475777003945,-0.34648407472770554,-0.5798998465442669,-0.09192138791051398,-0.3526214375277452,-0.6845268459745213,0.20838919271878856,0.9999999990359865,-0.5235789731933784,-0.6954771343591863,-0.12366643325570245,1.0,-0.6174720941057081,-0.4192637542866878
2007,gdp,0.4296323656143009,0.09576600562975301,0.1430895238777894,0.5764924631504746,0.6927501810027128,0.6330859789216392,0.6527139964840183,-0.011469518641188491,-0.6174729271610641,0.31030033397544354,0.8726632306088503,0.03789358480225834,-0.6174720941057081,1.0,0.34415738265592377
2007,education,0.5419706341451226,0.8611955057748001,0.6175847346700548,0.3613228403765133,-0.11144384933672476,0.20213528499329725,0.35690096139802463,-0.39545867691182346,-0.41925684437452315,0.36912491793617663,0.08327685342561925,0.5396048172817056,-0.4192637542866878,0.34415738265592377,1.0
2008,alcohol,1.0,0.5618571059228519,0.5861807261646806,0.291859222337488,0.2917990696027582,0.14389814968636827,0.0738937373263301,0.01665373507773519,-0.28432335151285193,0.412912457387301,0.2558194888727323,0.5396213288766373,-0.2843285904120676,0.3598382009251857,0.5882415962185817
2008,average_wages,0.5618571059228519,1.0,0.6186150721067256,-0.10541917561632118,-0.16620351699812827,-0.16292679374394314,0.13529572278562974,-0.14586537542270772,-0.2604347321813744,0.4918378134821604,-0.08405359388368629,0.46811441313302843,-0.2604332373620987,0.10276759298231436,0.8404903353266583
2008,cancer,0.5861807261646806,0.6186150721067256,1.0,0.08823231577065212,-0.009036432390912104,0.04734342644700155,0.0475571014007672,-0.0129914140030452,-0.35028395914813704,0.5698093349866632,-0.0498797256386799,0.39397112125041095,-0.35028394901073023,0.11159220797246965,0.6019089068275987
2008,employment_rate,0.291859222337488,-0.10541917561632118,0.08823231577065212,1.0,0.3098765168915146,0.6018616523421839,0.49156526964765124,-0.027026484153044688,-0.5730726837041892,-0.24775876775950142,0.3672144640238642,0.1374341923011596,-0.5727382679029509,0.5702589462734549,0.39544472422091426
2008,happiness,0.2917990696027582,-0.16620351699812827,-0.009036432390912104,0.3098765168915146,1.0,0.6858957165747115,0.1549468675671296,0.43884156995062834,-0.38733156356734,-0.39947307454662984,0.6782415233874418,-0.5548792486321543,-0.3873301797750406,0.725164765986349,0.09701994179053527
2008,life_at_birth,0.14389814968636827,-0.16292679374394314,0.04734342644700155,0.6018616523421839,0.6858957165747115,1.0,0.6024713248150704,-0.35170291091310046,-0.36301234168045987,0.05280671498894433,0.5692113515641993,-0.021254688356306055,-0.3630117519077861,0.6322428758035273,0.21909705878950977
2008,life_at_old,0.0738937373263301,0.13529572278562974,0.0475571014007672,0.49156526964765124,0.1549468675671296,0.6024713248150704,1.0,-0.2786606392767519,-0.5866560157189824,0.36698277265424556,0.46227532191059134,-0.09123550612439459,-0.5866546987989463,0.522539050900855,0.2834215962184461
2008,obese,0.01665373507773519,-0.14586537542270772,-0.0129914140030452,-0.027026484153044688,0.43884156995062834,-0.35170291091310046,-0.2786606392767519,1.0,-0.042192356405736105,-0.21616888431319134,0.03256599284843411,-0.6758308623063027,-0.042192728195268335,0.05034008933335933,-0.13845866557587336
2008,pollution,-0.28432335151285193,-0.2604347321813744,-0.35028395914813704,-0.5730726837041892,-0.38733156356734,-0.36301234168045987,-0.5866560157189824,-0.042192356405736105,1.0,-0.05694778449184012,-0.7175880666260188,0.05540626398135944,0.9999999997890255,-0.6363591448471394,-0.3562502951608995
2008,smokers,0.412912457387301,0.4918378134821604,0.5698093349866632,-0.24775876775950142,-0.39947307454662984,0.05280671498894433,0.36698277265424556,-0.21616888431319134,-0.05694778449184012,1.0,-0.13015482917364576,0.27165573587850955,-0.056949158516583984,0.057005696366912516,0.20905170193692435
2008,social_spending,0.2558194888727323,-0.08405359388368629,-0.0498797256386799,0.3672144640238642,0.6782415233874418,0.5692113515641993,0.46227532191059134,0.03256599284843411,-0.7175880666260188,-0.13015482917364576,1.0,-0.2621662224534365,-0.7176238616720313,0.8770557804170713,0.09351134685648596
2008,suicide,0.5396213288766373,0.46811441313302843,0.39397112125041095,0.1374341923011596,-0.5548792486321543,-0.021254688356306055,-0.09123550612439459,-0.6758308623063027,0.05540626398135944,0.27165573587850955,-0.2621662224534365,1.0,0.05540428516252332,-0.05206491030103459,0.5335318850859773
2008,time,,,,,,,,,,,,,,,
2008,hours_worked,-0.2843285904120676,-0.2604332373620987,-0.35028394901073023,-0.5727382679029509,-0.3873301797750406,-0.3630117519077861,-0.5866546987989463,-0.042192728195268335,0.9999999997890255,-0.056949158516583984,-0.7176238616720313,0.05540428516252332,1.0,-0.6363596403344752,-0.356247592545759
2008,gdp,0.3598382009251857,0.10276759298231436,0.11159220797246965,0.5702589462734549,0.725164765986349,0.6322428758035273,0.522539050900855,0.05034008933335933,-0.6363591448471394,0.057005696366912516,0.8770557804170713,-0.05206491030103459,-0.6363596403344752,1.0,0.3873368595536055
2008,education,0.5882415962185817,0.8404903353266583,0.6019089068275987,0.39544472422091426,0.09701994179053527,0.21909705878950977,0.2834215962184461,-0.13845866557587336,-0.3562502951608995,0.20905170193692435,0.09351134685648596,0.5335318850859773,-0.356247592545759,0.3873368595536055,1.0
2009,alcohol,1.0,0.5178984472914107,0.6401089377107612,0.272280455016896,0.03808257127920762,0.20502526157981946,-0.22813404283534955,0.3468034869093065,-0.3357538914897516,0.5723027220914287,0.3231581604067209,0.5238273762386868,-0.33574785392976975,0.4032686356803446,0.5879158570291617
2009,average_wages,0.5178984472914107,1.0,0.6139122659717354,-0.12378130636412221,-0.4532104367382179,-0.21336152630265579,-0.5538361821136484,0.052765205452285385,-0.2714071990335181,0.4641839736322784,-0.05198895875992399,0.4423669130845152,-0.27140960818498017,0.07870586866053324,0.812240878652126
2009,cancer,0.6401089377107612,0.6139122659717354,1.0,0.11723985257755225,-0.442205789925355,0.05490111972541607,-0.5865499427359783,0.34128291991897025,-0.3236739241255203,0.4786963023921882,0.07688347642116698,0.4330996348946182,-0.3236742972043247,0.16699173182199548,0.6292995458416505
2009,employment_rate,0.272280455016896,-0.12378130636412221,0.11723985257755225,1.0,0.5346477214484453,0.663837653057155,0.5015909677370911,-0.10960119424357699,-0.625044011608517,-0.42238806457617606,0.4656572854336181,0.13172999270755578,-0.6248079035302322,0.6309925130006101,0.386338633132881
2009,happiness,0.03808257127920762,-0.4532104367382179,-0.442205789925355,0.5346477214484453,1.0,0.5707569811322807,0.5580922040926549,0.34222390293598814,-0.04563106288151176,-0.6720150408687501,0.4028581288482958,-0.6417936322369852,-0.0456354610961776,0.5190536755415681,-0.16224353028987212
2009,life_at_birth,0.20502526157981946,-0.21336152630265579,0.05490111972541607,0.663837653057155,0.5707569811322807,1.0,0.9283123075460294,-0.3437564397674822,-0.34401792177592516,-0.22067854523039307,0.5636809005477303,0.030705284512791323,-0.34401792991127356,0.6502236347729644,0.21687889084845866
2009,life_at_old,-0.22813404283534955,-0.5538361821136484,-0.5865499427359783,0.5015909677370911,0.5580922040926549,0.9283123075460294,1.0,-0.14292564284237189,-0.2713272230150973,-0.22704461149697752,0.4678823267957031,-0.44582169389623577,-0.2713211346111514,0.5900692563825305,-0.21331411295422184
2009,obese,0.3468034869093065,0.052765205452285385,0.34128291991897025,-0.10960119424357699,0.34222390293598814,-0.3437564397674822,-0.14292564284237189,1.0,-0.16125687192115587,-0.026620724202148675,0.18317887771347627,-0.5868746580645661,-0.16125687192115587,0.10460371099643631,-0.12180329602430363
2009,pollution,-0.3357538914897516,-0.2714071990335181,-0.3236739241255203,-0.625044011608517,-0.04563106288151176,-0.34401792177592516,-0.2713272230150973,-0.16125687192115587,1.0,0.13582228806143318,-0.7163836753403624,0.03768963825123071,0.9999999996356437,-0.6283612777888302,-0.39210607715376017
2009,smokers,0.5723027220914287,0.4641839736322784,0.4786963023921882,-0.42238806457617606,-0.6720150408687501,-0.22067854523039307,-0.22704461149697752,-0.026620724202148675,0.13582228806143318,1.0,-0.14926365586441992,0.421860164829842,0.13582228806143318,-0.11814252869090104,0.2717776232073085
2009,social_spending,0.3231581604067209,-0.05198895875992399,0.07688347642116698,0.4656572854336181,0.4028581288482958,0.5636809005477303,0.4678823267957031,0.18317887771347627,-0.7163836753403624,-0.14926365586441992,1.0,-0.18932389093390253,-0.7163750876220347,0.8836999861542623,0.18662709966332633
2009,suicide,0.5238273762386868,0.4423669130845152,0.4330996348946182,0.13172999270755578,-0.6417936322369852,0.030705284512791323,-0.44582169389623577,-0.5868746580645661,0.03768963825123071,0.421860164829842,-0.18932389093390253,1.0,0.03769075641380625,-0.032301695060201356,0.5532301371205507
2009,time,,,,,,,,,,,,,,,
2009,hours_worked,-0.33574785392976975,-0.27140960818498017,-0.3236742972043247,-0.6248079035302322,-0.0456354610961776,-0.34401792991127356,-0.2713211346111514,-0.16125687192115587,0.9999999996356437,0.13582228806143318,-0.7163750876220347,0.03769075641380625,1.0,-0.6283599459324242,-0.39210910051572206
2009,gdp,0.4032686356803446,0.07870586866053324,0.16699173182199548,0.6309925130006101,0.5190536755415681,0.6502236347729644,0.5900692563825305,0.10460371099643631,-0.6283612777888302,-0.11814252869090104,0.8836999861542623,-0.032301695060201356,-0.6283599459324242,1.0,0.4204145392117671
2009,education,0.5879158570291617,0.812240878652126,0.6292995458416505,0.386338633132881,-0.16224353028987212,0.21687889084845866,-0.21331411295422184,-0.12180329602430363,-0.39210607715376017,0.2717776232073085,0.18662709966332633,0.5532301371205507,-0.39210910051572206,0.4204145392117671,1.0
2010,alcohol,1.0,0.4333042348674257,0.5917537882140641,0.2150998739031429,0.18168002132225833,0.24040455479895573,0.26299866664510546,0.07388302169860324,-0.3566876269832016,-0.10584536069394739,0.34267822841663426,0.5090206001400506,-0.35669333294559047,0.41154218914290047,0.6053729419196012
2010,average_wages,0.4333042348674257,1.0,0.6064492990124877,-0.15062077089646106,-0.07880014697536647,-0.16172450729218124,0.03217373811630186,-0.03305702886146726,-0.2418089857234632,-0.04947704740038105,-0.12559997415359678,0.3537393199242439,-0.24181379363524505,0.06886631798645987,0.8057217643711786
2010,cancer,0.5917537882140641,0.6064492990124877,1.0,0.06566876951704995,-0.2927704996926802,0.0640210088381022,0.04430242307528199,0.18505279074567274,-0.34320535811832137,0.350071847346789,0.05715999749746222,0.44287295603396326,-0.3432084044801949,0.14021761032966418,0.5893572416150341
2010,employment_rate,0.2150998739031429,-0.15062077089646106,0.06566876951704995,1.0,0.6452871395157632,0.701111102336323,0.610233840910143,0.11776701478065568,-0.5984591037523569,-0.5445506179792821,0.45533070639811973,0.1381960870102419,-0.5983222027283278,0.6124286594260775,0.3315347604034091
2010,happiness,0.18168002132225833,-0.07880014697536647,-0.2927704996926802,0.6452871395157632,1.0,0.5935883607178548,0.08617038924165324,0.5463098053709362,-0.18245873452551398,-0.45528542429800234,0.4161252959672257,-0.45829966300958175,-0.18244556760936673,0.5790201285750396,0.27719216995066415
2010,life_at_birth,0.24040455479895573,-0.16172450729218124,0.0640210088381022,0.701111102336323,0.5935883607178548,1.0,0.5984073635966091,-0.1315153606548617,-0.4023738219735204,-0.23079726111292098,0.5658488447717782,0.07218918073911373,-0.40236524259210826,0.6452407930391818,0.1527499801529458
2010,life_at_old,0.26299866664510546,0.03217373811630186,0.04430242307528199,0.610233840910143,0.08617038924165324,0.5984073635966091,1.0,0.056467773604690005,-0.6013275168959987,0.3754618884270385,0.6421134826787191,-0.06866436868738356,-0.6013227979638778,0.660340964568521,0.21437670814202794
2010,obese,0.07388302169860324,-0.03305702886146726,0.18505279074567274,0.11776701478065568,0.5463098053709362,-0.1315153606548617,0.056467773604690005,1.0,-0.37253025676437834,-0.35178633566717815,0.2806959940935969,-0.6275928499758765,-0.372525128321963,0.330784673100873,0.08810300250267317
2010,pollution,-0.3566876269832016,-0.2418089857234632,-0.34320535811832137,-0.5984591037523569,-0.18245873452551398,-0.4023738219735204,-0.6013275168959987,-0.37253025676437834,1.0,-0.08456455534541558,-0.7349626332588791,0.03770101535100145,0.9999999993074533,-0.6524999728445368,-0.33680252245750314
2010,smokers,-0.10584536069394739,-0.04947704740038105,0.350071847346789,-0.5445506179792821,-0.45528542429800234,-0.23079726111292098,0.3754618884270385,-0.35178633566717815,-0.08456455534541558,1.0,-0.3234494456577618,0.16478694567321936,-0.0845723991859516,-0.21785988525791497,-0.36543066397912854
2010,social_spending,0.34267822841663426,-0.12559997415359678,0.05715999749746222,0.45533070639811973,0.4161252959672257,0.5658488447717782,0.6421134826787191,0.2806959940935969,-0.7349626332588791,-0.3234494456577618,1.0,-0.17497105686255668,-0.7351056263282209,0.8830342224151547,0.15082990385225595
2010,suicide,0.5090206001400506,0.3537393199242439,0.44287295603396326,0.1381960870102419,-0.45829966300958175,0.07218918073911373,-0.06866436868738356,-0.6275928499758765,0.03770101535100145,0.16478694567321936,-0.17497105686255668,1.0,0.03769587186987197,0.02371202236345273,0.552716752532815
2010,time,,,,,,,,,,,,,,,
2010,hours_worked,-0.35669333294559047,-0.24181379363524505,-0.3432084044801949,-0.5983222027283278,-0.18244556760936673,-0.40236524259210826,-0.6013227979638778,-0.372525128321963,0.9999999993074533,-0.0845723991859516,-0.7351056263282209,0.03769587186987197,1.0,-0.6524958455372222,-0.3367997141739266
2010,gdp,0.41154218914290047,0.06886631798645987,0.14021761032966418,0.6124286594260775,0.5790201285750396,0.6452407930391818,0.660340964568521,0.330784673100873,-0.6524999728445368,-0.21785988525791497,0.8830342224151547,0.02371202236345273,-0.6524958455372222,1.0,0.4010036120942378
2010,education,0.6053729419196012,0.8057217643711786,0.5893572416150341,0.3315347604034091,0.27719216995066415,0.1527499801529458,0.21437670814202794,0.08810300250267317,-0.33680252245750314,-0.36543066397912854,0.15082990385225595,0.552716752532815,-0.3367997141739266,0.4010036120942378,1.0
2011,alcohol,1.0,0.5068873261012791,0.6424793275087008,0.18685356316229104,0.1525141815054154,0.23443571961741064,0.21242352239205348,0.21763075676318955,-0.378039152483388,0.6329868309567462,0.314248507591825,0.5751123381547008,-0.37805380878404693,0.40343282053391205,0.6666623392541726
2011,average_wages,0.5068873261012791,1.0,0.573936460274077,-0.09532900607588284,-0.1675029791249662,-0.07165124099143587,0.14667913298633398,-0.1276800681942239,-0.25993533594601553,0.3733000005665938,-0.10688622499475166,0.4192583780372147,-0.25993862447204236,0.11708965419487813,0.7910257465514583
2011,cancer,0.6424793275087008,0.573936460274077,1.0,0.07034820088110733,-0.4168409053018396,0.09501810602100091,0.1091630623838912,0.189838542957366,-0.38215594443912476,0.6141689307825078,0.09903335125128339,0.44710741310029634,-0.3821629579900253,0.18083343044761516,0.5834692463749559
2011,employment_rate,0.18685356316229104,-0.09532900607588284,0.07034820088110733,1.0,0.5932119518621902,0.6600247200592035,0.557964559748685,-0.037144463328932134,-0.5950775054503633,-0.34623113224312185,0.4143481570370697,0.14586246561518632,-0.5949068010051909,0.564227532519738,0.3850917538429199
2011,happiness,0.1525141815054154,-0.1675029791249662,-0.4168409053018396,0.5932119518621902,1.0,0.6632569867094618,0.1449049090818719,0.5291254361735412,-0.1561487687443155,-0.585916583677782,0.47600329066366587,-0.3227142077043291,-0.15613753237848577,0.575924299088323,0.15565381087586264
2011,life_at_birth,0.23443571961741064,-0.07165124099143587,0.09501810602100091,0.6600247200592035,0.6632569867094618,1.0,0.6021448921810866,-0.279391735634612,-0.4110671314756852,0.4937467417106606,0.6004063246098039,0.07192411310958634,-0.4110625447602063,0.635712819569198,0.26506834321167305
2011,life_at_old,0.21242352239205348,0.14667913298633398,0.1091630623838912,0.557964559748685,0.1449049090818719,0.6021448921810866,1.0,-0.19556782558044902,-0.5834848922532019,0.6040400008278186,0.5169164154101324,0.018900079698646634,-0.5834798974616461,0.511643842373015,0.33109924398772195
2011,obese,0.21763075676318955,-0.1276800681942239,0.189838542957366,-0.037144463328932134,0.5291254361735412,-0.279391735634612,-0.19556782558044902,1.0,-0.44574664328107777,-0.3980895930066794,0.35912792545802735,-0.670962979719028,-0.44573025038967573,0.32971300753668276,-0.014889858483691686
2011,pollution,-0.378039152483388,-0.25993533594601553,-0.38215594443912476,-0.5950775054503633,-0.1561487687443155,-0.4110671314756852,-0.5834848922532019,-0.44574664328107777,1.0,-0.28221518706679255,-0.7483394367643005,0.025723617275658795,0.9999999993526715,-0.6516743818546483,-0.36383975535728175
2011,smokers,0.6329868309567462,0.3733000005665938,0.6141689307825078,-0.34623113224312185,-0.585916583677782,0.4937467417106606,0.6040400008278186,-0.3980895930066794,-0.28221518706679255,1.0,-0.028030910393300305,0.39599145272328656,-0.28221518706679255,0.19370887401976103,0.391215571883472
2011,social_spending,0.314248507591825,-0.10688622499475166,0.09903335125128339,0.4143481570370697,0.47600329066366587,0.6004063246098039,0.5169164154101324,0.35912792545802735,-0.7483394367643005,-0.028030910393300305,1.0,-0.1504876537767638,-0.7485244891732687,0.861826676007528,0.19234656474991743
2011,suicide,0.5751123381547008,0.4192583780372147,0.44710741310029634,0.14586246561518632,-0.3227142077043291,0.07192411310958634,0.018900079698646634,-0.670962979719028,0.025723617275658795,0.39599145272328656,-0.1504876537767638,1.0,0.02571306260779628,0.048231027598851665,0.58131577117479
2011,time,,,,,,,,,,,,,,,
2011,hours_worked,-0.37805380878404693,-0.25993862447204236,-0.3821629579900253,-0.5949068010051909,-0.15613753237848577,-0.4110625447602063,-0.5834798974616461,-0.44573025038967573,0.9999999993526715,-0.28221518706679255,-0.7485244891732687,0.02571306260779628,1.0,-0.6516730459450973,-0.3638412022095902
2011,gdp,0.40343282053391205,0.11708965419487813,0.18083343044761516,0.564227532519738,0.575924299088323,0.635712819569198,0.511643842373015,0.32971300753668276,-0.6516743818546483,0.19370887401976103,0.861826676007528,0.048231027598851665,-0.6516730459450973,1.0,0.46264781717600906
2011,education,0.6666623392541726,0.7910257465514583,0.5834692463749559,0.3850917538429199,0.15565381087586264,0.26506834321167305,0.33109924398772195,-0.014889858483691686,-0.36383975535728175,0.391215571883472,0.19234656474991743,0.58131577117479,-0.3638412022095902,0.46264781717600906,1.0
2012,alcohol,1.0,0.4912440262786297,0.6189866215630729,0.13741840346858394,0.09728839679655739,0.23559126114845053,0.4152875853068098,-0.06739434719248827,-0.3491617987036464,-0.02775738226952119,0.26992954448568257,0.6224906409129278,-0.3491411132199851,0.3974522651311811,0.6546721924864795
2012,average_wages,0.4912440262786297,1.0,0.6021617511626854,-0.07620363638443249,-0.30813019255503343,-0.20170239479758734,0.1509728360317128,-0.35415692259677534,-0.24741531552925064,0.1855773620741492,-0.13506784202485855,0.3936465793934656,-0.2474191590984474,0.027358286564150083,0.7637659961769081
2012,cancer,0.6189866215630729,0.6021617511626854,1.0,0.022264905229548732,-0.46088119215335493,0.05566317518074906,0.1305084602412817,-0.07306952923333762,-0.33897406252111445,0.45475168683379713,0.025361005913865777,0.465759974023185,-0.3389682181277766,0.12776824737644563,0.597724654379967
2012,employment_rate,0.13741840346858394,-0.07620363638443249,0.022264905229548732,1.0,0.6641748869012057,0.6229746517565146,0.49067443717370623,-0.0037685974149889137,-0.5693379540238821,-0.3670842428983303,0.3712204104760373,0.2176530618814826,-0.5690942201036214,0.5598734747064995,0.43560640653604177
2012,happiness,0.09728839679655739,-0.30813019255503343,-0.46088119215335493,0.6641748869012057,1.0,0.5895327491792326,0.10821183560341384,0.436144650311898,-0.23578184942348918,-0.5037029089811595,0.3934519047582848,-0.3798292050808405,-0.23578017220936018,0.5847717273021524,-0.007882560212803515
2012,life_at_birth,0.23559126114845053,-0.20170239479758734,0.05566317518074906,0.6229746517565146,0.5895327491792326,1.0,0.5456150343137297,-0.3221510332397427,-0.4127079134625637,-0.19257528245220976,0.5905329696667875,0.08635284392913044,-0.4127004546400292,0.6399113483646841,0.17728451590208444
2012,life_at_old,0.4152875853068098,0.1509728360317128,0.1305084602412817,0.49067443717370623,0.10821183560341384,0.5456150343137297,1.0,-0.05367312946440796,-0.6303732126309343,0.36477740167835226,0.49852355630440104,0.11376540138477312,-0.6303667145312711,0.5108265006929976,0.463472562711257
2012,obese,-0.06739434719248827,-0.35415692259677534,-0.07306952923333762,-0.0037685974149889137,0.436144650311898,-0.3221510332397427,-0.05367312946440796,1.0,-0.09688642963720304,-0.5364207174696133,0.0313652926816317,-0.5897169719810231,-0.09688792566097737,0.015413602175244078,-0.27476476618915247
2012,pollution,-0.3491617987036464,-0.24741531552925064,-0.33897406252111445,-0.5693379540238821,-0.23578184942348918,-0.4127079134625637,-0.6303732126309343,-0.09688642963720304,1.0,-0.16800673720990283,-0.7341774893853072,-0.00747325600202191,0.9999999984864129,-0.648834633012392,-0.3287710676143855
2012,smokers,-0.02775738226952119,0.1855773620741492,0.45475168683379713,-0.3670842428983303,-0.5037029089811595,-0.19257528245220976,0.36477740167835226,-0.5364207174696133,-0.16800673720990283,1.0,-0.2050469359221981,0.2893589358264054,-0.1680183363484914,-0.16659480569143081,-0.07232933530457684
2012,social_spending,0.26992954448568257,-0.13506784202485855,0.025361005913865777,0.3712204104760373,0.3934519047582848,0.5905329696667875,0.49852355630440104,0.0313652926816317,-0.7341774893853072,-0.2050469359221981,1.0,-0.1534058295840048,-0.7344947195779197,0.8668754429565879,0.15956483715493336
2012,suicide,0.6224906409129278,0.3936465793934656,0.465759974023185,0.2176530618814826,-0.3798292050808405,0.08635284392913044,0.11376540138477312,-0.5897169719810231,-0.00747325600202191,0.2893589358264054,-0.1534058295840048,1.0,-0.007461683206222599,0.05737965092754412,0.5971678246005265
2012,time,,,,,,,,,,,,,,,
2012,hours_worked,-0.3491411132199851,-0.2474191590984474,-0.3389682181277766,-0.5690942201036214,-0.23578017220936018,-0.4127004546400292,-0.6303667145312711,-0.09688792566097737,0.9999999984864129,-0.1680183363484914,-0.7344947195779197,-0.007461683206222599,1.0,-0.6488296881882257,-0.3287621885561912
2012,gdp,0.3974522651311811,0.027358286564150083,0.12776824737644563,0.5598734747064995,0.5847717273021524,0.6399113483646841,0.5108265006929976,0.015413602175244078,-0.648834633012392,-0.16659480569143081,0.8668754429565879,0.05737965092754412,-0.6488296881882257,1.0,0.4110919017516162
2012,education,0.6546721924864795,0.7637659961769081,0.597724654379967,0.43560640653604177,-0.007882560212803515,0.17728451590208444,0.463472562711257,-0.27476476618915247,-0.3287710676143855,-0.07232933530457684,0.15956483715493336,0.5971678246005265,-0.3287621885561912,0.4110919017516162,1.0
2013,alcohol,1.0,0.51329679231857,0.5929630876766471,0.17284216053901258,0.09832799905996666,0.2122312202907354,-0.13959029717281293,0.21792430783215552,-0.3559578489242659,0.5522502852196083,0.28247212243560404,0.5929262891396463,-0.3559584958075651,0.4070130796545484,0.67602938451331
2013,average_wages,0.51329679231857,1.0,0.6201479627694367,-0.03559441887760758,-0.28212291864164163,-0.21549460864481282,-0.574663498816409,-0.05694743814594505,-0.26464785448654016,0.5663951251499268,-0.09239814698141297,0.35959213792653444,-0.26464613815592986,0.03868322037340132,0.7577726966751591
2013,cancer,0.5929630876766471,0.6201479627694367,1.0,0.022447611405497718,-0.44659844411620375,0.024438000477739724,-0.5901730630433948,0.34773550296142847,-0.29753614796389743,0.5675940999290192,-0.04204759935966829,0.4088781216016812,-0.2975350644502315,0.07408788635464622,0.5813606638940109
2013,employment_rate,0.17284216053901258,-0.03559441887760758,0.022447611405497718,1.0,0.60074665667142,0.5226055286691863,0.16264019564395452,0.12078276039828204,-0.5489907518444832,-0.4785325395978808,0.34304536053714674,0.2845634935481593,-0.5487046289076629,0.5432946488624554,0.4628255704982795
2013,happiness,0.09832799905996666,-0.28212291864164163,-0.44659844411620375,0.60074665667142,1.0,0.5329103909925779,0.37279297338499623,0.7052524250304465,-0.2528985375312054,-0.517119387032813,0.4132201814541785,-0.3416893831066183,-0.2529017109087882,0.5346758903465261,-0.022091344012063033
2013,life_at_birth,0.2122312202907354,-0.21549460864481282,0.024438000477739724,0.5226055286691863,0.5329103909925779,1.0,0.9262652776251696,-0.5080992324104876,-0.3867352399860807,0.2665828464365195,0.5600155667924974,0.05281422553061751,-0.38673721839027025,0.6358582975922447,0.14093606295748737
2013,life_at_old,-0.13959029717281293,-0.574663498816409,-0.5901730630433948,0.16264019564395452,0.37279297338499623,0.9262652776251696,1.0,0.2941152985408048,-0.2992996808174439,-0.2840757371905814,0.428786126227603,-0.3538754497841379,-0.2993044987204485,0.4890774128826598,-0.19182323318327532
2013,obese,0.21792430783215552,-0.05694743814594505,0.34773550296142847,0.12078276039828204,0.7052524250304465,-0.5080992324104876,0.2941152985408048,1.0,-0.2821867240870888,-0.4003532922679714,0.2622424633074951,-0.6505030904113716,-0.2821867240870888,0.3048899627768041,0.08435093186946645
2013,pollution,-0.3559578489242659,-0.26464785448654016,-0.29753614796389743,-0.5489907518444832,-0.2528985375312054,-0.3867352399860807,-0.2992996808174439,-0.2821867240870888,1.0,-0.17518348046177656,-0.7368584777219306,-0.04320447012001891,0.999999999873441,-0.6535763222843077,-0.3555092074851054
2013,smokers,0.5522502852196083,0.5663951251499268,0.5675940999290192,-0.4785325395978808,-0.517119387032813,0.2665828464365195,-0.2840757371905814,-0.4003532922679714,-0.17518348046177656,1.0,-0.17406230362141661,0.30694604030525,-0.17517961097580864,0.16332285315732106,0.4427845462911016
2013,social_spending,0.28247212243560404,-0.09239814698141297,-0.04204759935966829,0.34304536053714674,0.4132201814541785,0.5600155667924974,0.428786126227603,0.2622424633074951,-0.7368584777219306,-0.17406230362141661,1.0,-0.17257130701372944,-0.7371984137950998,0.863562429568962,0.21665949079908928
2013,suicide,0.5929262891396463,0.35959213792653444,0.4088781216016812,0.2845634935481593,-0.3416893831066183,0.05281422553061751,-0.3538754497841379,-0.6505030904113716,-0.04320447012001891,0.30694604030525,-0.17257130701372944,1.0,-0.04320381944308402,0.04384834125740844,0.5698405282024774
2013,time,,,,,,,,,,,,,,,
2013,hours_worked,-0.3559584958075651,-0.26464613815592986,-0.2975350644502315,-0.5487046289076629,-0.2529017109087882,-0.38673721839027025,-0.2993044987204485,-0.2821867240870888,0.999999999873441,-0.17517961097580864,-0.7371984137950998,-0.04320381944308402,1.0,-0.6535778865301675,-0.35550905015089973
2013,gdp,0.4070130796545484,0.03868322037340132,0.07408788635464622,0.5432946488624554,0.5346758903465261,0.6358582975922447,0.4890774128826598,0.3048899627768041,-0.6535763222843077,0.16332285315732106,0.863562429568962,0.04384834125740844,-0.6535778865301675,1.0,0.43229726461746987
2013,education,0.67602938451331,0.7577726966751591,0.5813606638940109,0.4628255704982795,-0.022091344012063033,0.14093606295748737,-0.19182323318327532,0.08435093186946645,-0.3555092074851054,0.4427845462911016,0.21665949079908928,0.5698405282024774,-0.35550905015089973,0.43229726461746987,1.0
2014,alcohol,1.0,0.5316311414426901,0.6192578043662711,0.1867007707971559,0.19027457081709667,0.23018751308297633,-0.125849709373318,0.3190577204792942,-0.3435280208081612,0.30184162425140154,0.27732820065672315,0.6548613410461527,-0.34353629830702165,0.4036867231808487,0.6971513093208825
2014,average_wages,0.5316311414426901,1.0,0.6114211857907234,-0.055440621723266685,-0.19360337580832646,-0.17186939712084517,-0.6154681807285252,0.18339083689610702,-0.25775179586542296,0.5078718370991694,-0.10699766158170737,0.32226335004486545,-0.2577500732293141,0.028298842300805996,0.7383335647748452
2014,cancer,0.6192578043662711,0.6114211857907234,1.0,0.10115530433308567,-0.35753340998800376,0.014317339390674748,-0.5528822945282247,0.3233711992795783,-0.29486478491813917,0.4754841926020601,-0.023201453592247397,0.4229466494758958,-0.2948647284124149,0.11333932947052211,0.6232431086088063
2014,employment_rate,0.1867007707971559,-0.055440621723266685,0.10115530433308567,1.0,0.5638975367770972,0.5182670582369907,0.1332887241988461,-0.04655407350206417,-0.5391034026221267,-0.7004934708928032,0.32118383423643604,0.3580257814184594,-0.5386885692791765,0.5101659798690579,0.4521443457463575
2014,happiness,0.19027457081709667,-0.19360337580832646,-0.35753340998800376,0.5638975367770972,1.0,0.5435603050960133,0.4150960622948425,0.3015996513003244,-0.30386154537023163,-0.7090604218100223,0.4151081350979789,-0.3151750056881283,-0.3038589986504168,0.5430889793185479,0.09625877778876894
2014,life_at_birth,0.23018751308297633,-0.17186939712084517,0.014317339390674748,0.5182670582369907,0.5435603050960133,1.0,0.9517662240364667,0.10123668986125993,-0.432844671137569,-0.19176685621026554,0.5735070890370764,0.09653706120353686,-0.4328430712695923,0.6386926767843004,0.20179875089601776
2014,life_at_old,-0.125849709373318,-0.6154681807285252,-0.5528822945282247,0.1332887241988461,0.4150960622948425,0.9517662240364667,1.0,-0.22944907324855476,-0.2535435555402786,-0.21992027048606486,0.5934138301069435,-0.3138352115042924,-0.2535494274940684,0.5699416851674468,-0.14859215634118153
2014,obese,0.3190577204792942,0.18339083689610702,0.3233711992795783,-0.04655407350206417,0.3015996513003244,0.10123668986125993,-0.22944907324855476,1.0,-0.06074211926473719,-0.07449781517045878,-0.028909656659178537,-0.32714512963335635,-0.06074830262894645,0.18215200606366339,0.32181002139298137
2014,pollution,-0.3435280208081612,-0.25775179586542296,-0.29486478491813917,-0.5391034026221267,-0.30386154537023163,-0.432844671137569,-0.2535435555402786,-0.06074211926473719,1.0,0.10571057398648359,-0.744680230307744,-0.06519048904048455,0.9999999993951485,-0.6468232171931385,-0.3342684986275275
2014,smokers,0.30184162425140154,0.5078718370991694,0.4754841926020601,-0.7004934708928032,-0.7090604218100223,-0.19176685621026554,-0.21992027048606486,-0.07449781517045878,0.10571057398648359,1.0,-0.47270477268751887,0.148903773762527,0.10570758374295128,-0.23292534499216094,0.17257215524462996
2014,social_spending,0.27732820065672315,-0.10699766158170737,-0.023201453592247397,0.32118383423643604,0.4151081350979789,0.5735070890370764,0.5934138301069435,-0.028909656659178537,-0.744680230307744,-0.47270477268751887,1.0,-0.09479515881539195,-0.7450406945482949,0.8610968736130491,0.21259344661430007
2014,suicide,0.6548613410461527,0.32226335004486545,0.4229466494758958,0.3580257814184594,-0.3151750056881283,0.09653706120353686,-0.3138352115042924,-0.32714512963335635,-0.06519048904048455,0.148903773762527,-0.09479515881539195,1.0,-0.06519537493847558,0.14136842610058212,0.6082332157432069
2014,time,,,,,,,,,,,,,,,
2014,hours_worked,-0.34353629830702165,-0.2577500732293141,-0.2948647284124149,-0.5386885692791765,-0.3038589986504168,-0.4328430712695923,-0.2535494274940684,-0.06074830262894645,0.9999999993951485,0.10570758374295128,-0.7450406945482949,-0.06519537493847558,1.0,-0.6468238934413226,-0.3342647561597719
2014,gdp,0.4036867231808487,0.028298842300805996,0.11333932947052211,0.5101659798690579,0.5430889793185479,0.6386926767843004,0.5699416851674468,0.18215200606366339,-0.6468232171931385,-0.23292534499216094,0.8610968736130491,0.14136842610058212,-0.6468238934413226,1.0,0.4273286470943504
2014,education,0.6971513093208825,0.7383335647748452,0.6232431086088063,0.4521443457463575,0.09625877778876894,0.20179875089601776,-0.14859215634118153,0.32181002139298137,-0.3342684986275275,0.17257215524462996,0.21259344661430007,0.6082332157432069,-0.3342647561597719,0.4273286470943504,1.0
2015,alcohol,1.0,0.5327350322377289,0.619364001487421,0.2376465103178285,0.28566944243858156,0.2340458676171931,-0.16015258159506363,0.26449171630583634,-0.3621392934556065,-0.19344663421816996,0.2634834024510333,0.6437989615130514,-0.362140454341222,0.42240047832065025,0.6927651901834094
2015,average_wages,0.5327350322377289,1.0,0.5913097653822703,-0.04743202627066792,-0.05439432622180394,-0.18886426173544293,-0.49110660542058565,-0.41718467035265466,-0.25869443314794144,0.1151369508149636,-0.07336918240642747,0.3360464011909728,-0.2586990364501793,0.017437056663159926,0.7247314931543996
2015,cancer,0.619364001487421,0.5913097653822703,1.0,0.11865957913985187,-0.26592270001574736,-0.041433152510014025,-0.40216776678736166,0.4283114472226892,-0.2635462341860894,0.6086894645294911,-0.01075632426549603,0.4159166111396507,-0.2635495594744922,0.02251755370202793,0.5847472843634878
2015,employment_rate,0.2376465103178285,-0.04743202627066792,0.11865957913985187,1.0,0.5688401794473004,0.5101031549470931,0.27078336311470425,0.0880024437656879,-0.5384382954031327,-0.3387425305936168,0.27904040599267643,0.38168800895121774,-0.5378422152796347,0.45690894353898465,0.4700754058319591
2015,happiness,0.28566944243858156,-0.05439432622180394,-0.26592270001574736,0.5688401794473004,1.0,0.6798639046524476,0.39186628033747717,0.7351312468152822,-0.40376824783651666,-0.42022485820889705,0.444856629097094,-0.26636269138283275,-0.40375699394087955,0.598495513382793,0.2726553761885833
2015,life_at_birth,0.2340458676171931,-0.18886426173544293,-0.041433152510014025,0.5101031549470931,0.6798639046524476,1.0,0.9300037577564824,-0.5788198794018593,-0.3953722617405206,-0.2494831188050773,0.5540055107015909,0.16490689275085374,-0.3953657244166128,0.6444047159646743,0.19955237756036684
2015,life_at_old,-0.16015258159506363,-0.49110660542058565,-0.40216776678736166,0.27078336311470425,0.39186628033747717,0.9300037577564824,1.0,-0.5071033209515612,-0.27563876144605876,0.38356507849782634,0.4281421018756674,0.05176246584930993,-0.27562833695434164,0.5350666903623462,0.016913639480765696
2015,obese,0.26449171630583634,-0.41718467035265466,0.4283114472226892,0.0880024437656879,0.7351312468152822,-0.5788198794018593,-0.5071033209515612,1.0,-0.20226176588368278,-0.3459310858982533,0.058697645688763754,-0.5456845769012469,-0.20226123063806592,0.11422133437726288,-0.18729157470351462
2015,pollution,-0.3621392934556065,-0.25869443314794144,-0.2635462341860894,-0.5384382954031327,-0.40376824783651666,-0.3953722617405206,-0.27563876144605876,-0.20226176588368278,1.0,-0.3781083941128685,-0.7376747620006764,-0.04138862974878421,0.9999999991634176,-0.610034820509073,-0.35983025027157334
2015,smokers,-0.19344663421816996,0.1151369508149636,0.6086894645294911,-0.3387425305936168,-0.42022485820889705,-0.2494831188050773,0.38356507849782634,-0.3459310858982533,-0.3781083941128685,1.0,0.10732112833081943,0.10297780734812376,-0.3781083941128685,-0.11594700618784995,-0.07349853516440231
2015,social_spending,0.2634834024510333,-0.07336918240642747,-0.01075632426549603,0.27904040599267643,0.444856629097094,0.5540055107015909,0.4281421018756674,0.058697645688763754,-0.7376747620006764,0.10732112833081943,1.0,-0.08710085861474395,-0.7372812248369593,0.8303273551647504,0.23171027933518118
2015,suicide,0.6437989615130514,0.3360464011909728,0.4159166111396507,0.38168800895121774,-0.26636269138283275,0.16490689275085374,0.05176246584930993,-0.5456845769012469,-0.04138862974878421,0.10297780734812376,-0.08710085861474395,1.0,-0.04138956486558894,0.12885250853177546,0.6018145496006851
2015,time,,,,,,,,,,,,,,,
2015,hours_worked,-0.362140454341222,-0.2586990364501793,-0.2635495594744922,-0.5378422152796347,-0.40375699394087955,-0.3953657244166128,-0.27562833695434164,-0.20226123063806592,0.9999999991634176,-0.3781083941128685,-0.7372812248369593,-0.04138956486558894,1.0,-0.610031920972393,-0.35982845561202353
